pct <- c(0, 0.1, 0.2, 0.3, 0.4, 0.5, 0.6, 0.7, 0.8, 0.9, 1)

#Test config
perplexity <- c(5707.070, 507.018, 474.306, 459.403, 451.113, 445.917, 442.208, 439.469, 437.239, 435.374, 433.538)
valid <- 418.447

# Small config
perplexity <- c(8951.287, 217.524, 187.102, 173.740, 165.760, 160.331, 156.340, 153.283, 150.793, 148.732, 146.971)